2.980363675228208 -2.34514168565363
3.2968961781551958 -1.8948567597635098
3.530656859839781 -1.303187380673621
3.6786774386304124 -1.192073570633931
3.812434719664987 -0.44596124230602996
3.850400547990459 -0.5483159495343548
4.035522218389743 0.5902216737999346
4.114810802407661 0.4996866543919394
4.15258230787542 0.6512147607642707
4.286718518482533 0.9022556025708903
4.375728103457489 1.6112328327900385
4.430702039904198 1.7877848651642267
4.527105609615095 1.8365210378783825
5.048736172714156 4.326190348955272
