2.0286422747681327 -0.39294243716850286
2.0746759261182155 -0.32563558354066124
2.1165428242711712 -0.2583578041476482
2.1667183080456716 -0.19939525591556873
2.2169187125928813 -0.13205932805289944
2.2588354522912573 -0.048034789398703204
2.28810240776199 -0.014337751232540441
2.3132275308083052 0.02770359232938535
2.342494486279038 0.061400630495549
2.367594688552643 0.0950685944268832
2.4010782387659235 0.1455414660890577
2.4345368682064934 0.18764095812064063
2.455495238055681 0.2296532274477383
