2.0258760689973125 -1.3223875761641128
2.0760266319991025 -1.271798407562624
2.109535102985093 -1.2129521562698597
2.1555189127897556 -1.1623920619032004
2.205694396564256 -1.103429513671121
2.2558698803387562 -1.0444669654390415
2.3060453641132566 -0.9855044172069638
2.3395039935538264 -0.9434049251753809
2.3812712086159418 -0.9096206643047315
2.423138106768897 -0.8423428849117194
2.4440217142999545 -0.8254507544763943
2.4733135905433974 -0.7833803366796399
2.510914052408385 -0.74962515004382
2.531872422257573 -0.7076128807167219
